  127  879  588   59  311  488  248 1271 1457 
  295  845  882  215  361  338  620 1054 1550 
 1188 1472  931  572  736  635 2108 2356 1643 
  826 1017 1053  602  537  473 1736 1581 1550 
  481 1050 1477  109  522  749  682 1674 2387 
 621 672 621 321 400  57 744 961 930 
  487 1204  330  191  664  306  992 2263  837 
  472 1120  651  300  616  431 1023 2170 1364 
  159 1387  565  303  515  261  744 1829  930 
 1008  209  494  816  105  322 1860  372  682 
  428  808 1409  132  448  629  651 1426 2108 
  301 1044 1503  445  560  763 1054 1736 2449 
  759  679  979  563  463  687 1271 1612 1581 
  116  938 1192   84  502  812  279 1519 2108 
  625 1058  340  269  678  332 1178 1674  899 
  549  870  465  185  250  313  992 1333  775 
 1125  645  641  345  113  109 1488  992 1054 
 1176  893  709  648  517  553 2232 1147 1333 
  983  446  567  411  210  399 1488  558 1488 
  586 1068  280  114  704  340  837 1736  868 
  372  472 1045  188  300  421  527 1023 1705 
  837 1260  692  445  828  128 1798 2232 1085 
  560  806 1200  428  490  672 1457 1426 1860 
  885 1191  885  657  403  481 1395 1612 1519 
  217 1200  821  293  672  293  806 1860 1457 
  453  684 1197   93  476  825  651 1643 2139 
  558  235  994  230  179  610  713  620 1984 
  385 1273  859  449  701  703 1178 2015 1519 
  493  737  228  433  245  148  961 1364  403 
 1220  665  638  592  521  438 2077 1550 1209 
  345 1127  613  345  719  461  930 2108  992 
  558 1325 1452  318  669  684  651 1953 2232 
  634  494  695  346  278  523 1333  713 1333 
  928 1092  288  432  600  184 1488 2139  403 
  633  966 1436  469  682  696 1147 1891 2232 
  658 1276  243  462  548  307 1581 1736  868 
  300  409 1442  124  297  658  496  930 2170 
  478  809 1092  322  337  600 1147 1147 2139 
  950 1229  406  590  445  450 1736 1705 1209 
  793  892  539  277  568  439 1426 1240  961 
  788 1337  920  264  817  748 1395 2356 1612 
  564 1008  617  164  684  481  899 1953 1147 
  924  705  557  504  369  385 1953  837  961 
  558  686 1082  318  226  526  651 1333 1426 
 1071  390  914  551  314  518 1457 1085 1178 
  664  613  574  376  225  458  868  930 1457 
  914  749 1049  430  525  573 1240 1674 1767 
  737 1505  894  569  765  466 1364 2418 1054 
  455  934  728  363  454  480 1116 1612 1674 
  616  270 1218  356  150  826 1364  465 2170 
 1029 1102 1310  641  550  630 2015 1798 1860 
  788 1337  920  264  817  748 1395 2356 1612 
  987 1073  634  519  717  358 1581 1767  868 
  893  494  733  461  278  121 1643  713 1054 
 1022  914  933  714  342  681 1953 1302 1581 
  985  658  852  265  358  288 1333 1426 1116 
 1176  453  568  648  225  300 2232  558  744 
 1008  305  656  816  285  176 1860  651  899 
 1299  962  481  715  410  109 2077 1457  682 
 1037  894 1472  485  558  736 1550 1674 2356 
  945  529  737  813  133  525 1767  868 1395 
  498  425  823  314   77  355 1085  620 1612 
 1226 1104 1472  494  568  736 1829 1984 2356 
  945  781  317  813  277  285 1767 1147  930 
 1407  822  642  567  418  366 1953 1240  744 
  325 1080 1078  293  512  746  806 1922 2015 
  605  690  644  337  390  520 1426  930 1519 
  812  661  315  440  425  267 1829  992  744 
  354  752 1176  154  712  824  589 1612 2108 
  556 1326 1059  376  678  599  868 2046 1829 
  961  976  367  741  840  459 1581 1860 1209 
  522 1072  564  294  576  164  744 1767  899 
  756 1266  423  408  522  179 1767 1674  806 
 1323  270  742  831  150  390 2325  465 1302 
 1080  637  962  512  533  586 1922 1271 1333 
 1512  578  886  840  326  474 2604  806 1395 
  364  627 1218  448  567  826 1147 1395 2170 
  630 1015  969  446  551  661 1550 1829 1519 
  894  570 1146  466  126  434 1054  837 1457 
  418  716  606  238  508  166  496 1147  961 
 1472  455  934  736  363  454 2356 1116 1612 
  924  508 1104  504  192  612 1953 1023 1953 
 1041  917 1070  297  633  410 1395 1395 1457 
  697 1005  541  349  317  325 1426 1457 1240 
  960  144  754  480  264  346 1209  651 1612 
  579 1472  651  543  736  475 1209 2356 1333 
   94 1472  674  134  736  374  341 2356 1178 
  810  574  979  374  458  687  992 1457 1581 
 1101  794 1377  629  534  489 1643 1116 1767 
 1302 1008  801  830  476  565 2294 1643 1333 
  968  473  935  712  145  419 1612  775 1736 
 1274 1106  521  650  614  361 1922 1922 1054 
  690 1010  417  302  522  157  992 1581  682 
 1299  637 1210  627  461  698 2139 1550 1922 
  686 1125 1297  522  477  625 1581 1395 2170 
  726  574 1063  370  458  691  868 1457 1705 
  822  637 1283  554  593  727 1829 1457 2077 
  558 1152  525  274  708  349  682 1860  775 
  793  567  916  425  399  388 1550 1488 1240 
  750  304 1029  222  292  817 1302  775 1891 
  228  886 1029  148  490  817  403 1612 1891 
  325  739 1392  293  483  528  806 1395 1860 
  616  282  810  592  238  554 1426  682 1550 
  931 1512  338  355  840  270 1612 2604  744 
  178 1397  574  138  541  366  465 1891  837 
  480  852 1120  220  288  616  961 1116 2170 
  470  934  913  266  570  497  620 1302 1550 
  158 1198  343   86  506  343  341 1550  961 
  859  462 1165  659  274  449 1550  961 1736 
 1166  616 1024  710  460  480 2108 1519 1860 
  658  995  277  342  291  181 1209 1395  682 
 1071 1142  801  687  682  565 2046 1798 1333 
  852 1442  657  556  658  273 1612 2170  930 
  624  677  752  376  177  284  775  930 1457 
  501 1015 1512  161  403  840  806 1705 2604 
  900  847  543  696  471  563 1488 1860 1271 
 1136  644  428  544  520  264 1984 1519  558 
 340 287 659 212 207 363 527 744 837 
  641  630  560  109  446  220 1054 1550 1147 
 1005 1295  718  317  651  362 1457 1953  992 
 1361  214 1131  769  118  531 2263  403 1953 
  494 1288  713  250  712  393  961 2356  930 
  479  826  944  479  602  404 1364 1736 1271 
  559  921 1316  151  401  728  868 1271 2387 
  325 1134  666  293  482  378  806 1829  837 
  941 1061 1211  453  349  647 1395 1519 1829 
 1050 1331  213  686  691  229 2015 2077  682 
  686  768 1330  402  372  802 1209  930 2356 
 1085  228 1314  525  268  486 1953  775 1674 
  619  483 1295  307  407  727 1240  899 2356 
  644  438 1344  372  290  832 1395  620 2356 
  416 1018  692  328  574  128 1147 1426 1085 
 1092  418  762  732  106  442 2046  589 1426 
  880  514 1220  452  374  592 1271  806 2077 
  321  241 1442  125  289  658  527  682 2170 
  675  129  987  323  225  815 1085  558 1829 
  873 1004 1218  377  636  826 1085 2046 2170 
  362  592  949  162  240  433  465 1116 1519 
 1512  754  315  840  610  267 2604 1426  744 
  696 1080  777  280  512  613 1147 1922 1426 
  668 1101 1268  368  453  688 1271 1767 1984 
 1186  900  556  554  328  376 1922 1519  868 
  327 1260  900   43  828  328  496 2232 1519 
  499  540  543  263  448  327  992 1054 1209 
  469  721  598  453  581  422 1302 1364  899 
  251 1111 1417  315  539  593  744 2015 2015 
  914  758 1061  518  482  349 1178 1457 1519 
  574  437  966  398  357  682 1271  930 1891 
  693  239  298  669  287  210 1488  713  465 
  476  251 1111  512  315  539 1271  744 2015 
 1397  248  964  541  200  352 1891  527 1240 
  721  423 1228  465  251  584 1674  527 1736 
  922  245  872  350  413  340 1178  992 1240 
 1005 1008  345  613  816  345 1705 1860  930 
  648 1043  749  168  639  597 1023 1581 1395 
 1140  985  909  516  441  505 1488 1209 1147 
  823 1052  868  367  628  472 1147 1798 1891 
  855  907  233  211  415  281 1240 1240  806 
  447  382  924   87  258  504  744  558 1953 
  784 1113  597  348  821  489 1395 2015 1209 
  586 1005 1302  382  317  830 1333 1457 2294 
  609  625  577  577  269  437 1426 1178 1085 
  595  864 1120  251  480  616 1178 1488 2170 
 1125  231  530  477  383  214 1395  992  682 
  676 1148  469  360  556  453  930 1798 1302 
  711  936  368  291  468  304 1488 1116  961 
  812  326 1236  572   94  652 1736  589 1798 
  756  914  534  408  518  354 1767 1178 1209 
 1314  595  852  486  251  288 1674 1178 1116 
 1081  605  518  577  409  218 1519 1147 1085 
  641 1320  312  109  716  272 1054 2108  899 
  431  885  903  307  289  471 1054 1426 1488 
  401  501 1288  333  161  712 1023  806 2356 
 1165 1232  906  581  708  658 1643 2046 1426 
  577  241 1176  201  289  824 1023  682 2108 
 1006 1064  137  354  716   85 1302 2015  310 
  199 1021 1041  183  525  473  465 1302 1271 
  485  966  183  293  594  151 1178 1953  496 
  732  763  523  320  199  511 1271 1240 1147 
  784  544   54  424  260   30 1798  899   93 
 1191  717  392  403  517  212 1612 1240  899 
  197 1125  767  241  477  323  682 1395 1550 
  257  879  595   69  519  591  372 1581 1395 
 1432  334  850  632  146  658 2108  434 1798 
 1176 1316  270  528  728  150 1860 2387  465 
 1241  746 1190  533  334  646 1922 1054 1798 
  362  924  315  162  680  119  465 1829  620 
 1438  795  292  594  339  100 2046 1581  403 
  621  994  499   57  610  263  930 1984  992 
 1283  318  854  727  262  322 2077  589 1519 
  859  693  315  543  669  119 1860 1488  620 
 1050  987  586  434  815  382 1736 1829 1333 
  970  759  647  478  283  291 1519 1240  837 
  767  975  578  323  431  326 1550 1364  806 
 1117 1262  868  381  638  472 1581 2108 1891 
 1316  347 1220  728   95  724 2387  620 1984 
  565 1041  532  113  713  456  806 2015 1395 
  621  308  511   57  416  335  930 1085  992 
  966 1204  627  518  664  167 1550 2263  992 
  263  861  905  239  677  709  620 1736 1519 
  229  531 1482   97  431  762  310 1085 2418 
  803  851  581  627  383  441 1488 1178 1023 
  868  889  598  472  589  422 1891 1612  899 
  662  744  631  418  320  347  868 1550  806 
  222 1260  984   38  828  376  341 2232 1612 
 1162 1040  637  706  704  637 2170 1922 1426 
  913 1467  292  437  723  100 1364 2325  403 
  781  905  129  485  341  225 1457 1550  558 
  994  539  389  402  559   97 1674 1333  682 
 1503 1177 1116  763  537  580 2449 1953 1798 
  345 1005  329  345  317  417  930 1457 1116 
 1351  592  402  743  476  238 2201 1178  961 
  715   54 1024  395   30  480  899   93 1860 
  641 1050  886  109  818  386 1054 1922 1457 
  900  826  501  652  646  161 1519 1705  806 
  497  988  654  217  496  410 1054 1240  992 
  995  999  832  499  739  208 1705 1705 1240 
  368  826  472  392  734  448  899 1643 1147 
  830  616 1462  694  460  710 1612 1519 2294 
 1103  641  985  527  389  549 1457 1085 2046 
 1120  340  915  616  184  735 2170  775 1581 
  604  586 1205  416  382  553 1271 1333 1984 
  964  327 1472  456   43  736 1395  496 2356 
  766 1204 1370  654  796  578 1674 2170 1922 
  256  497 1047  328  425  615  775 1364 1767 
  689 1155  229  501  735   97 1209 2139  310 
  724 1241  746  444  533  334 1302 1922 1054 
  949  658  718  285  462  290 1395 1581 1271 
  830  924  698  514  592  178 1054 1891  961 
 1392 1020  474  528  340  466 1860 1333 1333 
  942  566  633  698  122  469 1550  899 1147 
  377  977  744  113  433  320  620 1333 1550 
  544  615 1482  112  435  762  775 1209 2418 
  952  994  656  608  726  176 1922 1674  899 
  728  513  502  404  353  242 1271 1178  620 
  606  289  925  166  313  393  961  868 1674 
  186  882 1316  146  514  728  341 1426 2387 
  663 1442 1021  547  658  481 1333 2170 1333 
  798  895  600  290  683  324 1457 1457 1395 
  672  934 1316  284  542  728 1271 1550 2387 
 1052 1103 1071  628  395  375 1798 1550 1581 
  733  683 1386  121  479  834 1054 1085 2418 
  938  558  721  546  318  317 1488  651 1550 
  397  581 1371  105  561  527  558 1395 1829 
 1137  767 1068  641  335  704 2015 1085 1736 
  759  679  979  563  463  687 1271 1612 1581 
  690 1344  606  390  832  166  930 2356  961 
  724 1241  746  444  533  334 1302 1922 1054 
 1493  833  690  737  381  390 2387 1674  930 
 1092  310  724  600  254  444 2139  713 1302 
 1315  586 1173  703  382  413 2077 1333 1643 
 1006  637  207  354  637  147 1302 1426  372 
 1063  353 1078  439  353  746 1426  806 2015 
 1113  536  921  821  148  329 2015  868 1550 
  719 1229 1302  623  445  830 1364 1705 2294 
  315  817  984  119  345  700  620 1023 1612 
  318  840  416  262  456  328  589 1860 1147 
 1187  715  507  399  131  243 1674 1085 1116 
 1218  193  844  826  117  428 2170  372 1364 
 1127 1052  969  643  776  661 1705 1922 1519 
  494  998 1306  322  494  626  682 1550 1922 
  746  966 1162  334  518  734 1054 1550 1922 
 1162  829  514  750  465  330 2139 1674  837 
  513  697 1512  249  229  840 1023 1054 2604 
  917  679  250  633  359   98 1395 1457  341 
  753 1302  679  173  830  359 1178 2294 1457 
  441  495 1180  481  271  620 1240  589 1736 
  721 1040  770  685  616  570 1519 1984 1674 
  948  823  581  528  355  429 1581 1612 1488 
  845 1110  476  317  618  512 1085 1860 1271 
  889  696  994  737  280  534 1736 1147 1581 
  606 1127  494  386  719  102  806 2108  837 
 1171 1407  263  635  835  359 2201 2449  992 
 1061 1078 1316  349  702  652 1519 2046 1984 
  717  504  532  517  276  484 1240 1023 1147 
  980 1041  889  668  385  473 1922 1333 1922 
  828  462  815  368  394  523 1643 1333 1612 
  799 1284  681  311  676  213 1085 1984 1302 
 1222 1166  250  622  546   98 1798 1767  341 
 1263  812  534  587  440  354 2015 1829 1209 
  845  581  566  733  517  330 1705 1426 1209 
  639  873 1382  359  333  502 1364 1116 1798 
 1001  830  868  565  426  472 1798 1116 1891 
  983  445 1131  751  129  531 1705  744 1953 
  418  762 1034  106  442  506  589 1426 1922 
  158  863 1407  130  459  835  310 1860 2449 
  933  323  493  505  127  389 1705  496  992 
  914 1437 1477  342  705  749 1302 2325 2387 
 1314  312  367  754  316  295 2170  868  868 
 1061 1302  844  349  830  504 1519 2294 1767 
  875  737  885  575  525  657 1829 1395 1395 
  502  693 1102  110  669  654  713 1488 1953 
  819  733 1358  555  121  818 1302 1054 2387 
 1472  525  403  736  441  483 2356 1395 1116 
 1062 1015  516  610  727   96 1891 1705  744 
  762  925  270  634  393  150 1519 1674  465 
  579  779  721  187  615  597  775 1395 1581 
  698 1260  777  178  828  349  961 2232 1612 
  616  737  857  460  481  405 1519 1426 1302 
 1253  409  716  649  341  304 1891  899 1519 
 1136 1202  825  544  510  501 1984 1488 1023 
 1230  450  696  482  334  252 1550  868 1395 
  810  367 1421  390  459  865 1209 1209 2449 
  784  737  472  424  569  300 1798 1364 1023 
  753 1302  679  173  830  359 1178 2294 1457 
  317 1512  641  285  840  433  930 2604 1054 
 1181 1393  957  509  789  513 1457 2232 1116 